0
398
6
3
1
1
7
9
101
4
4
49
1
35
30
14
1
1
14
1
54
46
23
4
2
7
6
5
1
4
53
1
2
15
1
2
2
78
55
36
10
2
21
203
8
82
123
2
26
205
40
49
2
164
2
25
1
4
10
3
5
12
13
3
1
3
1
11
17
9
108
4
59
1
17
8
2
1
2
79
43
4
23
35
13
4
1
3
7
10
1
2
13
1
13
3
32
20
4
3
6
4
11
2
4
6
4
3
3
22
1
1
1
14
1
46
2
33
1
4
6
12
1
24
3
1
15
1
2
39
1
34
3
93
15
133
53
27
1
103
37
4
1
1
6
7
9
1
2
201
11
6
1
15
28
2
1
3
2
3
1
7
6
3
1
4
3
3
1
3
1
4
1
3
44
4
2
1
14
1
1
9
1
3
13
23
4
3
5
23
1
5
18
5
1
44
3
10
1
1
1
2
3
1
6
3
2
10
1
6
1
1
2
1
1
6
3
2
2
1
1
28
2
3
3
19
1
3
1
4
1
17
1
1
3
4
10
2
28
18
1
3
3
12
56
1
3
2
2
4
2
1
2
5
16
1
2
35
47
9
1
36
21
2
23
11
2
5
9
61
3
24
4
1
1
5
90
30
10
1
1
8
26
13
86
2
1
9
1
1
6
7
5
1
4
2
4
8
2
1
4
7
3
7
4
54
3
3
4
4
1
2
4
2
1
4
8
6
2
1
18
2
1
3
2
1
1
1
3
6
4
4
2
1
4
1
1
4
5
2
1
1
13
1
1
16
4
2
7
80
6
4
2
2
5
46
18
1
5
16
16
4
2
4
1
3
5
2
2
3
1
2
3
53
1
4
1
2
5
2
6
15
1
3
6
30
2
4
5
10
1
17
2
4
8
10
9
1
5
1
1
1
15
1
1
1
1
1
1
12
3
1
2
1
1
2
1
1
2
7
1
2
21
1
1
1
1
2
4
1
1
2
1
2
2
1
1
1
1
5
1
3
1
1
1
1
1
1
2
1
10
15
5
1
1
6
1
1
1
5
1
1
1
1
2
3
1
1
1
1
2
1
2
1
3
1
9
2
1
1
9
1
2
2
1
1
1
1
1
1
1
1
1
1
1
1
2
1
1
1
1
1
4
1
1
1
5
11
1
3
4
15
4
28
35
42
2
30
4
57
24
42
28
14
41
1
3
17
70
36
10
16
5
32
24
80
5
25
38
22
198
72
44
65
24
18
13
134
18
17
9
8
18
32
11
67
34
53
37
22
41
1
87
97
195
13
11
9
35
4
54
75
16
7
37
3
5
13
8
65
3
2
23
18
43
18
24
27
13
81
28
32
29
25
17
14
5
48
21
7
3
8
3
5
37
1
6
5
3
32
78
7
146
6
15
19
39
84
3
16
46
3
48
7
103
47
23
51
4
12
5
14
7
1
9
28
16
54
3
6
10
2
2
6
38
2
3
8
1
1
16
2
17
1
2
19
12
4
5
91
8
1
8
19
2
8
3
1
6
3
5
7
9
3
14
39
14
9
10
6
20
97
119
24
15
5
16
26
110
39
251
25
15
1
2
6
6
3
12
13
3
49
3
4
8
3
49
3
1
43
19
139
7
17
14
138
70
6
33
1
9
15
2
1
5
15
2
10
26
10
4
71
30
3
1
40
4
8
2
1
4
5
6
76
4
1
2
1
13
1
7
12
39
8
4
2
1
47
3
2
11
7
33
6
3
4
1
12
17
38
31
2
1
1
33
5
18
7
59
4
2
4
3
1
64
2
3
2
11
4
4
2
1
17
15
10
11
1
10
20
10
1
15
6
5
14
1
11
4
1
13
13
25
3
11
8
128
3
5
5
4
6
26
4
17
6
1
2
2
4
1
36
2
1
7
2
3
3
13
27
3
4
28
3
3
1
2
18
2
2
88
2
1
11
2
15
30
38
2
1
4
15
5
1
5
1
2
3
8
27
2
2
4
2
3
17
118
1
13
6
25
6
1
1
73
15
7
11
32
6
8
2
7
3
20
7
12
2
2
3
10
2
4
3
3
9
4
9
4
7
14
9
3
2
49
12
6
4
2
1
5
13
1
4
9
3
1
1
8
25
9
3
13
15
4
2
1
19
2
3
14
6
10
12
6
1
13
14
7
6
19
2
2
14
8
6
13
1
10
3
6
11
5
3
3
2
6
1
9
17
10
9
2
4
3
1
5
4
11
1
1
1
14
4
1
5
6
30
6
30
1
7
1
2
6
2
5
9
1
2
10
1
6
11
1
1
1
8
22
15
11
5
4
9
5
4
35
7
8
42
8
32
1
14
7
17
44
1
1
7
12
8
22
2
31
0
4
7
18
1
10
4
12
25
2
1
11
10
21
1
2
12
4
6
2
8
4
3
2
5
3
6
3
1
2
1
2
10
2
29
3
50
2
5
6
2
7
4
4
5
6
4
1
1
3
4
4
4
6
3
2
6
1
16
6
9
3
2
18
16
7
5
8
3
5
1
18
9
1
3
2
2
3
1
2
4
2
2
10
13
15
1
3
8
4
3
1
1
1
1
5
17
3
15
38
5
2
2
2
1
1
3
6
3
4
11
4
1
1
1
1
4
5
31
2
3
4
3
21
22
1
1
71
1
3
1
1
3
5
6
5
7
6
1
5
3
6
1
34
8
5
1
1
3
12
12
6
17
17
10
4
1
8
3
1
10
4
3
1
1
7
2
1
2
18
7
19
0
1
3
1
2
2
9
8
8
4
1
4
3
1
8
20
3
6
1
3
5
19
3
22
4
4
16
2
2
1
2
46
34
15
1
1
10
4
2
3
2
15
17
16
19
19
8
1
1
1
1
1
7
4
4
3
4
8
4
6
3
6
5
7
5
4
4
5
4
7
2
2
2
4
3
1
20
11
2
1
1
1
11
6
2
1
4
16
5
23
1
4
8
3
3
6
5
6
1
2
18
2
1
2
33
2
6
11
18
5
17
10
13
13
10
10
5
7
12
11
20
9
1
1
1
1
1
1
2
2
1
1
1
1
1
2
2
2
2
2
2
2
2
2
2
1
1
5
3
3
2
11
44
55
3
11
4
16
6
6
2
8
6
1
2
2
3
1
1
1
1
1
2
2
1
1
1
1
3
5
28
11
3
2
1
3
1
7
8
1
3
18
6
7
2
6
3
2
4
12
1
10
4
1
2
14
1
1
3
2
13
5
12
2
1
28
12
6
1
1
10
12
1
11
2
2
2
6
3
3
7
6
15
2
2
92
8
15
2
34
6
5
2
1
5
3
2
2
5
5
1
5
11
12
3
4
1
5
4
1
1
10
6
5
14
1
6
2
5
1
11
4
1
2
69
4
1
5
59
4
15
1
2
1
32
2
4
2
16
2
1
4
4
5
1
2
1
7
13
2
3
7
3
16
2
18
5
7
1
4
10
1
2
5
6
10
1
2
7
2
5
6
2
2
4
2
1
10
7
8
3
5
3
2
1
7
2
9
7
3
3
8
2
3
3
1
1
2
2
1
2
13
22
5
3
6
2
5
4
7
3
9
3
8
1
1
8
10
17
2
3
3
15
1
4
1
8
1
2
1
6
1
1
1
2
3
1
5
1
2
1
1
3
1
1
1
1
2
4
6
3
1
2
2
17
3
1
4
1
4
3
1
3
3
4
5
1
4
1
3
2
1
1
3
1
1
1
1
1
1
1
2
1
1
5
1
2
5
2
2
1
1
1
1
1
8
23
3
1
1
4
5
15
2
1
2
2
3
3
1
2
10
3
4
2
12
8
8
2
3
2
1
59
1
2
2
12
3
3
2
1
7
2
8
1
2
2
1
1
2
7
11
44
11
29
16
4
9
18
1
10
4
11
3
1
15
6
1
4
1
2
5
6
11
9
5
7
7
2
5
2
9
3
3
2
3
12
2
0
3
0
18
1
8
4
7
12
3
15
6
5
14
1
2
3
1
2
2
2
1
1
1
2
2
4
2
1
2
5
2
5
3
1
4
1
2
1
1
1
2
3
1
2
2
2
1
3
2
2
2
4
1
4
1
4
3
3
3
3
1
2
2
4
7
1
1
10
4
34
34
10
12
2
1
4
11
4
8
1
6
4
26
1
1
2
1
1
2
1
2
1
1
1
4
11
1
1
9
8
3
14
2
6
2
2
3
2
18
2
2
4
17
5
2
2
1
1
19
3
9
10
6
2
3
3
3
2
3
1
2
2
13
11
1
5
3
2
2
1
12
7
2
4
2
1
1
7
2
2
3
5
1
1
9
5
2
3
1
8
2
1
6
1
1
2
1
2
4
2
1
5
2
7
1
5
3
3
5
2
2
1
1
17
1
5
2
3
5
2
7
9
1
12
5
5
8
1
1
12
3
3
2
54
12
15
1
1
8
5
2
3
2
4
4
2
1
6
1
4
1
2
5
10
2
9
3
1
2
7
3
1
4
2
6
1
17
4
1
1
4
2
2
6
24
3
2
4
3
1
4
1
1
4
2
3
1
3
2
1
2
10
1
24
9
3
3
2
9
3
1
11
9
1
3
2
8
1
3
0
2
1
2
2
1
4
2
2
12
3
5
2
5
3
3
0
2
2
0
0
1
0
0
1
11
2
2
1
1
13
1
1
4
3
7
2
6
8
5
1
5
7
7
3
1
4
2
7
1
10
3
1
3
1
3
8
6
6
1
1
1
2
3
1
1
1
1
2
6
14
2
1
8
2
1
1
7
3
5
2
1
5
8
3
1
6
3
3
5
1
5
7
2
1
2
1
10
18
1
5
3
1
9
2
3
3
11
3
2
1
5
14
7
2
3
0
2
5
2
0
0
1
3
1
2
1
2
1
2
1
2
6
8
9
9
6
3
7
2
1
1
5
1
2
3
3
1
1
2
1
1
1
2
5
1
1
1
1
2
2
1
1
1
1
2
1
2
1
2
6
11
6
1
9
5
2
1
7
3
1
3
13
1
1
2
2
4
2
2
3
1
6
4
2
2
4
3
2
1
4
0
1
3
15
5
2
2
1
5
11
3
3
1
3
3
3
1
8
1
2
2
2
7
5
5
1
6
10
1
2
14
1
6
7
5
1
2
3
4
2
3
2
2
4
6
6
6
1
1
1
1
2
3
2
1
1
1
1
1
2
1
2
1
1
1
1
1
21
1
9
1
2
1
4
1
11
5
4
4
3
6
1
2
3
5
3
4
5
3
1
1
1
6
2
6
4
20
2
2
4
4
2
1
2
2
5
2
1
1
2
1
1
7
1
1
1
1
1
5
2
1
2
2
1
10
1
22
1
9
4
17
5
2
7
2
2
1
1
1
1
1
8
1
1
1
1
2
4
1
1
2
1
1
2
21
1
1
1
1
1
14
1
1
1
3
2
1
7
1
3
3
3
1
1
1
1
1
4
1
4
1
2
1
2
1
2
2
5
1
2
1
1
1
1
2
1
1
1
1
1
1
1
1
1
1
2
1
4
3
9
1
3
2
1
5
1
1
1
2
2
1
2
6
3
3
1
1
1
2
2
4
8
2
3
1
2
1
3
1
1
1
1
4
7
13
2
8
1
1
1
2
2
1
1
2
1
3
4
1
2
3
1
2
1
1
1
1
2
2
3
2
2
2
3
1
1
2
1
1
12
1
3
1
11
1
5
1
1
1
1
2
2
3
2
2
1
2
9
4
1
1
1
2
2
6
13
5
2
7
8
2
12
10
5
3
1
3
4
6
3
5
1
2
1
3
1
2
2
1
1
1
1
1
1
3
1
1
3
2
2
1
10
1
1
2
4
3
2
2
1
4
6
1
1
20
2
1
1
1
1
1
1
2
1
3
6
3
2
1
3
1
2
1
3
1
1
2
1
1
2
3
5
3
1
1
3
1
1
2
1
4
3
1
2
1
2
2
1
1
1
4
1
2
2
2
10
3
4
3
3
5
2
1
4
1
3
1
1
1
1
1
1
1
2
1
3
1
2
1
1
1
2
1
6
1
1
1
2
1
2
9
1
4
4
3
3
3
3
2
16
1
1
2
1
1
3
1
1
1
2
1
1
1
2
5
2
3
1
0
2
0
1
2
3
2
8
2
2
2
3
1
5
1
1
2
2
2
3
8
4
2
4
4
2
3
1
2
2
2
1
5
2
2
2
1
1
1
1
2
1
1
1
1
1
1
1
3
1
1
9
1
1
2
1
2
2
1
3
1
1
2
1
1
1
1
1
7
5
2
1
7
2
6
2
3
1
1
1
2
3
1
4
1
1
1
1
3
1
3
1
1
1
1
1
1
3
1
1
1
1
3
1
1
1
1
2
2
1
1
1
1
1
1
2
3
1
1
2
4
1
1
4
1
2
4
1
1
3
1
1
1
1
1
1
2
1
1
1
1
1
2
1
1
2
2
1
2
6
1
1
2
1
1
1
1
1
1
2
2
1
7
1
1
2
5
1
2
1
3
1
2
5
2
3
1
2
1
1
2
3
1
1
2
1
2
1
16
3
1
2
2
1
1
2
1
1
1
1
1
2
1
1
3
2
2
1
1
1
2
3
6
1
4
12
1
1
5
2
1
2
1
4
2
2
1
1
4
3
1
1
1
1
3
1
1
3
1
2
2
1
1
5
1
1
1
1
2
5
1
3
2
1
3
2
1
1
1
2
1
2
1
1
1
1
4
2
3
1
2
1
1
2
2
1
1
1
1
1
2
2
1
1
1
1
1
1
1
3
5
1
1
3
3
3
1
1
1
2
1
1
3
1
3
4
2
2
1
1
1
2
2
1
3
8
1
3
1
1
1
1
3
3
1
1
1
1
1
1
2
1
1
1
1
2
2
1
1
1
0
0
1
1
1
4
6
1
4
2
1
1
1
3
3
1
1
2
1
1
2
3
1
1
1
2
5
2
1
2
2
1
1
2
5
2
1
2
3
1
1
3
1
2
1
2
1
1
1
1
1
1
5
4
4
3
3
1
9
3
3
2
1
4
2
1
3
18
2
1
1
1
1
1
1
1
6
5
2
1
1
2
1
2
1
2
3
1
1
1
1
4
1
2
1
1
2
1
2
1
1
3
2
3
5
1
2
1
1
1
3
2
1
1
2
2
1
2
1
1
6
1
9
7
2
2
2
1
3
2
1
3
2
2
2
1
1
1
2
1
1
4
1
1
2
1
1
1
1
1
1
1
1
1
1
2
4
2
4
1
1
1
2
1
9
2
1
1
1
1
1
1
1
2
2
1
1
1
1
1
2
2
1
1
6
3
1
1
1
1
1
2
3
2
1
1
2
3
1
1
1
4
2
1
3
1
1
3
1
1
1
2
1
1
1
1
6
1
2
1
1
4
2
1
1
2
1
1
11
1
1
1
1
1
1
1
1
1
2
1
1
3
3
1
1
1
1
1
1
1
3
1
1
1
1
1
6
1
2
2
1
1
2
3
1
1
1
2
1
2
1
1
2
4
1
1
1
2
1
1
1
1
1
1
1
1
1
2
4
1
1
1
2
3
1
4
1
1
3
1
1
2
2
2
2
2
1
1
1
3
1
1
1
3
2
2
1
3
2
1
1
3
1
3
1
1
2
1
1
1
2
1
1
1
1
2
1
2
1
1
2
3
1
2
1
1
3
1
1
1
3
1
1
1
1
1
2
1
2
1
2
1
2
1
1
1
1
1
2
1
3
1
1
1
2
3
1
1
1
1
1
1
1
1
1
2
1
1
1
1
1
1
1
2
1
1
2
1
2
1
1
2
2
1
1
1
1
1
1
1
2
1
1
1
8
1
1
1
2
5
1
1
1
1
1
0
1
2
3
3
1
2
1
1
1
1
1
1
1
1
1
1
1
1
1
1
1
1
1
1
1
2
1
1
1
1
1
2
3
1
2
2
1
1
1
1
3
1
1
1
0
1
1
1
2
1
1
3
2
2
1
1
1
1
1
1
1
1
1
1
1
1
1
1
1
1
1
2
1
4
1
2
2
2
1
1
1
1
1
1
1
1
2
1
2
3
1
1
1
1
1
1
2
1
1
1
1
1
1
1
1
1
1
1
1
1
2
1
1
3
1
2
1
1
1
0
1
1
1
1
1
1
1
1
1
1
1
2
1
1
3
1
1
2
1
1
1
1
1
2
1
1
1
3
1
1
1
1
1
1
1
2
3
1
1
1
1
1
1
1
2
1
1
2
1
1
1
1
1
1
0
1
1
1
1
3
0
1
1
1
1
1
1
1
1
3
1
2
1
1
1
1
1
1
1
1
2
1
1
1
2
0
2
1
1
1
1
1
1
1
1
3
2
1
1
1
1
1
1
1
1
1
2
2
3
2
1
1
1
1
2
1
1
1
1
1
1
1
2
1
1
1
1
1
1
1
1
1
1
1
1
1
1
1
1
1
1
1
1
1
1
1
2
2
1
1
1
1
1
1
0
1
1
1
1
1
1
1
1
1
1
1
1
1
1
1
1
1
1
1
1
1
1
1
1
1
1
1
1
1
1
1
1
1
1
1
1
1
1
1
1
1
1
1
0
1
1
1
1
0
1
1
3
0
1
1
1
1
1
